20              
10              
[0, 0, 264]     
[0, 0, 274]    
[0, 0, 284]    
[0, 0, 294]     
[0, 0, 304]     
[0, 0, 314]     
[0, 0, 324]     
[0, 0, 334]     
[0, 0, 344]     
[0, 0, 354]    
[0, 0, 364]     
[0, 0, 374]     
[0, 0, 384]     
[0, 0, 394]     
[0, 0, 404]   
[0, 0, 414]     
[0, 0, 424]     
[0, 0, 434]    
[0, 0, 444]     
[0, 0, 454]    
[-1.57, 0, 0]   
[-1.57, 0, 0] 
[-1.57, 0, 0]  
[-1.57, 0, 0]   
[-1.57, 0, 0]   
[-1.57, 0, 0]  
[-1.57, 0, 0]   
[-1.57, 0, 0]   
[-1.57, 0, 0]  
[-1.57, 0, 0]   
[-1.57, 0, 0] 
[-1.57, 0, 0]   
[-1.57, 0, 0]   
[-1.57, 0, 0]  
[-1.57, 0, 0]   
[-1.57, 0, 0]   
[-1.57, 0, 0]   
[-1.57, 0, 0]  
[-1.57, 0, 0]  
[-1.57, 0, 0] 